"time","density"
500,30.1426454398796
501,22.4857281016661
502,15.6232740646135
503,43.2184758299136
504,6.5581155233536
505,9.59700010441549
506,18.8160003299758
507,17.5249793508422
508,12.9608717711505
509,34.9090226189334
510,23.7303285395149
511,25.5536136402309
512,22.9666862935167
513,14.9160912957817
514,13.0627066352105
515,130.889490785253
516,50.7766685898277
517,48.2777671704953
518,54.3415661197854
519,34.0551561043125
520,44.4435889331211
521,24.1013222980871
522,26.8689052488605
523,33.9454671648898
524,30.4513534815868
525,19.7238786342763
526,12.2463317357139
527,16.5102458527016
528,73.162167403403
529,952.74690117453
530,58.1335145982649
531,77.8463086830679
532,68.6176668874556
533,33.8658420188078
534,13.8036223055606
535,20.729880720757
536,22.1207373434174
537,22.8639993191554
538,4.26205163420467
539,46.2016616827084
540,99.0894979095959
541,58.3259142742661
542,49.2606349647393
543,50.4219152435893
544,38.9785965059666
545,27.9265622273409
546,23.3409845104862
547,25.4090455628619
548,12.0910517561855
549,6.91748471595726
550,34.0379190494898
551,31.456997975912
552,9.16867240130676
553,28.9928094508702
554,20.540507607585
555,70.0671266539271
556,68.7472483896608
557,26.3325701934614
558,41.188199408073
559,33.9707096345573
560,32.1192796261183
561,29.4306602437863
562,18.9662308217677
563,88.8058420931172
564,33.1006105722485
565,21.6107004529143
566,19.8620079560729
567,122.237442670833
568,72.7008875406788
569,60.797058284348
570,156.075750688749
571,14.0194585283784
572,10.8941801893927
573,11.0458002479783
574,53.8509299392407
575,42.9161224188414
576,40.0362924892593
577,10.923776923019
578,10.6844471672552
579,18.0573750733286
580,25.31983357196
581,25.6236291548244
582,21.4336706450329
583,11.6655585519055
584,49.2358610317859
585,31.4003420091091
586,25.1404231713795
587,25.1836843506626
588,50.762633319781
589,44.2465093999556
590,38.5559014025955
591,34.1266933750818
592,29.862630667782
593,31.4326715592895
594,34.6353677348011
595,23.3420870987766
596,25.7628284490016
597,23.0317514645316
598,11.1125041580145
599,14.425608548901
600,15.1316736869014
601,9.5564295858601
602,7.16155976296248
603,8.78668753392165
604,8.60020903419689
605,9.01112754907872
606,16.0207629529625
607,13.5062071842802
608,30.0776899280892
609,72.8797341635266
610,24.8772472865186
611,134.667681781135
612,21.3172845207447
613,22.6257015976024
614,20.1455605364885
615,18.7358682691078
616,26.4307520806499
617,33.0020217638519
618,24.8275354983766
619,41.9026157045115
620,19.5779457782343
621,17.0186657466619
622,13.2280632207167
623,22.3417094269746
624,20.970957911301
625,21.3652704247053
626,47.8925694174898
627,20.6247150170919
628,13.8931110777312
629,26.4236533304741
630,21.9163175344648
631,21.3913712336281
632,78.8312131370406
633,69.5365942847048
634,31.0835426352004
635,28.8024606032193
636,30.3758970340339
637,33.7460108328921
638,24.5861147936934
639,18.7858686925534
640,11.7109025451222
641,41.1604119698045
642,19.2949538927663
643,18.7629617424701
644,12.998008088845
645,14.886082477697
646,151.025735681526
647,381.431871375085
648,50.5725984348182
649,20.7238034730003
650,17.9694193485195
651,26.5726622872615
652,12.905389099684
653,75.2686138946813
654,50.3295229664252
655,40.2534991725694
656,27.0198021344867
657,14.357100866351
658,10.410121109884
659,10.0868612613049
660,3.43291344436523
661,7.94487527703779
662,10.5685509398573
663,10.0030856659086
664,14.1640694915543
665,26.7336885718262
666,48.6441721901561
667,24.7186324016683
668,37.5703173610038
669,21.6329332370195
670,14.3397224174818
671,5.80156046199952
672,7.48580345737115
673,38.9468460025463
674,77.0374902038211
675,94.1704113044779
676,36.7121239267889
677,51.268849407487
678,48.6697457118601
679,27.6939588452019
680,29.2537977458421
681,22.7405819888463
682,171.180484949764
683,23.5458533377486
684,26.9745303522861
685,21.6630350519165
686,43.2512516798827
687,57.0664162765214
688,55.6829848886778
689,47.6813431223836
690,39.7966057927206
691,37.5285886108732
692,46.3000192117542
693,40.0281769052145
694,438.672257530479
695,182.577335508594
696,96.8839609495212
697,73.7183766426613
698,92.7185857434901
699,8979.97399309344
700,0.951530471415847
701,1.01659996373232
702,1.33341326725296
703,0.802766517808899
704,0.637757697014089
705,2.6331021545631
706,1.93374413001118
707,5.04182663666471
708,8.18988271018149
709,35.8014343584872
710,21.8105385518239
711,12.2572280468282
712,12.2119189711116
713,31.2027071607493
714,31.2081367839775
715,99.7948509432877
716,71.040939969385
717,33.7265254866052
718,32.0507777917941
719,53.4600035265624
720,60.446808626424
721,30.5907274876884
722,32.2158302118318
723,24.2230257908773
724,22.0811300636065
725,22.5168913336504
726,29.8001879106594
727,22.5357419449967
728,17.232939168769
729,12.3200676236441
730,20.0526156494861
731,13.6435994185419
732,3.76287118427373
733,1.62187319646484
734,1.71469836514349
735,1.51616238453811
736,1.60045828490516
737,1.55271879025527
738,4.02180070919824
739,1.57727706679416
740,1.52132260378464
741,7.21819027331052
742,6.76461741504218
743,9.86374265363006
744,4.59668136440704
745,3.13422399485765
746,2.93016355367418
747,3.08756458552322
748,4.06640261426252
749,5.61907324851932
750,4.51411506580385
751,4.20537866779001
752,4.48534039306719
753,5.98046662162648
754,8.18907381828977
755,7.24773113845681
756,3.78118870208223
757,51.2710631608664
758,38.167112379461
759,36.5263449126566
760,37.4504049746102
761,18.4868518592563
762,20.041105465834
763,19.4876112773847
764,20.7593727768067
765,49.8329210944495
766,28.9109608945325
767,51.6492465121393
768,42.508417775865
769,25.1477946660011
770,13.1162105451379
771,9.53959218491819
772,7.54924171467731
773,13.2338943090037
774,9.31502555834808
775,13.0052554692353
776,36.0655852074621
777,14.6343205740541
778,13.6187028536736
779,10.3540282304962
780,248.392465712073
781,149.310852605204
782,112.753621104898
783,25.1914080139561
784,15.993446621305
785,18.1446027023829
786,5559.03337464537
787,10.9236826021393
788,22.4100255142598
789,19.0026156556729
790,16.2114585720214
791,9.64350237446961
792,13.587349549312
793,31.1253529541019
794,17.1785201429894
795,17.8851158957299
796,13.4153111421497
797,24.7142625035382
798,26.6952939276855
799,22.6761429371951
800,23.514497124723
801,25.0032167300553
802,38.0829461746104
803,25.4080048067152
804,22.6097364095847
805,27.1939424107118
806,12.1229048016862
807,40.2587114530324
808,7.63042019349705
809,9.51100035177949
810,17.6840008117266
811,11.8443240979529
812,8.63786064253053
813,32.5703512574332
814,18.1380204877537
815,13.8539469878319
816,18.7962304901377
817,18.5480979764704
818,17.2317291631098
819,14.8515672265024
820,12.9294006148409
821,17.8646571502377
822,13.8456866780446
823,13.1491885015355
824,11.0006649714698
825,12.2641302319922
826,9.70789381803296
827,14.72896918281
828,14.7336991931062
829,17.8747025045803
830,15.4407784766086
831,2.73300678826043
832,2.1789987440432
833,2.15903360570142
834,12.6720513673957
835,12.0305014467164
836,16.614973837059
837,14.9913904945374
838,20.5091532412447
839,13.3316847561638
840,11.3612555592716
841,43.9910215176395
842,32.9939281649764
843,22.496396642455
844,12.6649367527362
845,13.9486894261899
846,17.7794466962428
847,29.3113301193774
848,40.4416882559455
849,16.2222659179267
850,7.92384927229749
851,8.4746333191802
852,29.224514758185
853,25.5905067961572
854,53.6668344027587
855,43.4755287026221
856,28.8265100569086
857,4.34535110830935
858,8.97565790249972
859,18.5521233654156
860,17.0932957968165
861,15.4270052897546
862,81.4629252821757
863,89.8337893515925
864,31.2931356934222
865,8.96577861969191
866,4.7156787802984
867,3.60145348313889
868,15.5160974246676
869,17.9963401339742
870,13.8690618487644
871,13.9440712052511
872,12.2237814104521
873,9.461439366029
874,8.45657435497094
875,32.231375534699
876,20.2171270645422
877,1910.60837964737
878,47.2603840323653
879,27.0548861095355
880,38.5206411699569
881,21.8853812571476
882,21.4807444073367
883,13.961699240287
884,10.8314176119299
885,11.4866322723696
886,4.2159088684931
887,1.22876817581217
888,91.8335515565856
889,26.1131285500568
890,9.16791841396648
891,5.66510772032739
892,6.85837449990341
893,16.9808373223393
894,49.8665502227198
895,196.340401998328
896,94.1651207967211
897,84.5174240114256
898,70.1947811354552
899,75.5427006763081
900,24.674597376888
901,3.80436304741917
902,2.72828041159215
903,3.7016193659703
904,5.34699572522011
905,4.85667904675901
906,5.2231539347632
907,5.17581317339328
908,6.29878914222311
909,17.538694664613
910,13.70447168579
911,14.5559203966876
912,15.5009838106926
913,37.2340806536961
914,41.1398401304244
915,45.7909989537605
916,51.3190399945512
917,36.7267737092614
918,39.3117741934118
919,39.4318538628475
920,14.1232934398452
921,15.3810441606387
922,16.2906515360247
923,39.1218679700181
924,14.8741536953438
925,7.01406625432895
926,20.7819705031941
927,10.8198174517173
928,10.108376705928
929,17.7370451890329
930,17.6241874086918
931,28.8077830193595
932,35.8159407151384
933,39.8641718709303
934,31.299878684782
935,29.1996669220839
936,31.5742722932291
937,26.8601014084649
938,7.17692859483707
939,8.80735331127969
940,6.15243310835241
941,11.3992747650049
942,22.1579915723454
943,28.7417143724028
944,122.200363362959
945,19.9645616082056
946,22.4653563317767
947,21.8767460946936
948,24.084652902831
949,13.9972835890059
950,13.9329768656362
951,19.7433026898102
952,16.9074748131687
953,9.13407239762694
954,11.9300050491957
955,12.9417200517519
956,8.17261891210481
957,12.0387530248194
958,10.8847080283877
959,11.6257690686269
960,9.99557128142358
961,10.8555989715502
962,6.78378680805432
963,7.90901069979617
964,13.5734797561183
965,253.654102414822
966,202.350460239002
967,174.68652533947
968,83.9597703178855
969,101.607625294161
970,57.9053777112422
971,32.1074300532093
972,21.5606549320842
973,24.9616913064309
974,28.7973733193336
975,37.9821937864217
976,23.107393225494
977,15.3709555798672
978,11.7229700255599
979,7.79780443162872
980,6.4793287542532
981,12.0843126744489
982,4.8953634786545
983,7.30921090899458
984,56.2695389232047
985,48.7877903307013
986,21.0454417891188
987,16.6289924056634
988,13.7662053078148
989,10.8878160479598
990,11.2286453031439
991,15.5538003286919
992,13.9810544894919
993,20.1903821989274
994,27.1016379529012
995,4.78012732328023
996,4.32164498709616
997,5.77817696184189
998,9.8027536170195
999,11.3632457696337
1000,11.6994352441588
1001,16.0393360801643
1002,23.8786284365833
1003,18.3737668107194
1004,7.13106799528043
1005,4.92507742868231
1006,12.4510507945289
1007,16.6116607949622
1008,30.4994573431759
1009,27.0886292495247
1010,20.5074431402989
1011,20.6525702066135
1012,19.5093860371596
1013,29.0444703340165
1014,29.1402290406421
1015,22.3103918403307
1016,22.414632581063
1017,10.3532182466811
1018,54.7040354292546
1019,19.27299345157
1020,8.34945952774683
1021,7.61227523077562
1022,8.71257003969609
1023,61.9956357149068
1024,37.4712989510934
1025,84.1410081362114
1026,72.2257607523021
1027,37.712591418243
1028,43.8175143872036
1029,51.5054415099705
1030,40.6312680952185
1031,38.7647076042932
1032,31.136055538313
1033,36.722074118684
1034,28.1140139751364
1035,10.6433640255996
1036,10.0530905120208
1037,9.66913927844217
1038,8.57140662561953
1039,7.49337468404272
1040,7.66769112033935
1041,11.6261820701493
1042,8.68597237728966
1043,9.26594297916232
1044,6.62129717667231
1045,6.37435140703928
1046,7.10183070749509
1047,1.61166649896794
1048,0.590892657106342
1049,0.990061988545293
1050,2.70389125112124
1051,1.49166487343543
1052,1.97709817324924
1053,6.34701584747051
1054,4.29992610201414
1055,10.7501576442178
1056,5.89781902271658
1057,0.968920517950359
1058,1.87223818813897
1059,1.00694272121238
1060,1.08988541614001
1061,1.40059141196479
1062,1.2141860184339
1063,2.05086241080558
1064,1.74230856188889
1065,1.20983439224007
1066,0.892254566918384
1067,17.603378269293
1068,22.7068394499464
1069,17.040507756868
1070,27.8938048829052
1071,19.4712690486981
1072,16.0951851654582
1073,15.713734233902
1074,15.7880254397012
1075,19.4879206639608
1076,8.08117021455049
1077,8.49690544214335
1078,12.0187900784005
1079,6.38813393387785
1080,15.1203788264791
1081,11.064229174472
1082,11.9210977948537
1083,15.8277394361614
1084,11.7746423710051
1085,9.73089779990525
1086,12.381751188131
1087,14.4338317454304
1088,21.743923283296
1089,16.4687606263562
1090,5.88230810453597
1091,2.8816210894433
1092,2.26306444094808
1093,2.35275557335779
1094,2.93180626506842
1095,4.61879579868357
1096,7.94997700094997
1097,5.95398283969679
1098,3.98863236263232
1099,2.92431449428793
1100,4.73344806888515
1101,2.51175328409916
1102,4.29317786153668
1103,4.16703526051402
1104,5.00148066307968
1105,4.05001243368616
1106,3.76426435600109
1107,7.49150260665168
1108,5.13592014641018
1109,1.88078130631853
1110,2.48230371946854
1111,2.68460168079978
1112,2.97724895895207
1113,3.92835050914349
1114,11.219954209181
1115,8.8822218001595
1116,10.3878925840868
1117,34.0767905945142
1118,110.944727700546
1119,21.3907223290489
1120,14.9035428098623
1121,22.8059560079269
1122,20.5030884002798
1123,66.3648812317944
1124,27.2013760543835
1125,35.082183946323
1126,27.5127354078928
1127,19.8446346399186
1128,18.2968341154564
1129,405.107412720802
1130,284.419684634385
1131,134.717304297255
1132,20.9208474127468
1133,15.2746697842538
1134,11.5202446079909
1135,13.6599794223431
1136,10.8054881798258
1137,9.3687216952909
1138,14.249873978919
1139,12.4467213723338
1140,18.3300729008447
1141,10.8626664180162
1142,9.76109469399107
1143,14.6774688604257
1144,11.7341786718838
1145,7.46028845315331
1146,135.445227284783
1147,91.1836655164344
1148,71.2178551913594
1149,40.3838633631458
1150,41.0366566016329
1151,22.0261590556408
1152,25.3016663330143
1153,12.3777193146015
1154,10.8044574894798
1155,11.521029835095
1156,11.1209392069741
1157,15.5149313068988
1158,15.8621775632585
1159,18.4890161882488
1160,19.7287268959388
1161,16.4380031494277
1162,17.565523361323
1163,13.5222822930816
1164,8.97665695894751
1165,9.34224329628504
1166,9.27599760179047
1167,8.89721735461962
1168,8.30977126435295
1169,9.06532509228511
1170,13.6747043104399
1171,11.3924532048819
1172,15.7937086750878
1173,14.7815642531878
1174,84.4383060274401
1175,12.0502003836642
1176,11.4313402027605
1177,8.87497570215142
1178,5.7330966895977
1179,6.9159154309832
1180,5.25971474961628
1181,6.33857829375677
1182,11.3141697916161
1183,2038.04174583863
1184,72.4867755873567
1185,44.3802692789689
1186,28.163422532995
1187,28.8233406985014
1188,33.2380682347789
1189,26.2391164845897
1190,29.5298679018677
1191,44.3463179503864
1192,24.5359515176155
1193,12.5450219264431
1194,9.64104058908137
1195,6.62083942555447
1196,5.01119330790351
1197,6.00856505243273
1198,5.16070956075077
1199,6.81350995823729
1200,7.03728022869016
1201,4.56049223602736
1202,2.64944517337153
1203,1.89997390053517
1204,2.65176319744638
1205,3.71875917900982
1206,5.44426026266949
1207,4.32199836882503
1208,4.69550720035202
1209,62.4182456866979
1210,40.0227862561386
1211,28.1823010037774
1212,31.5873126719865
1213,22.8646097185122
1214,19.6350255068855
1215,29.8386148266852
1216,21.9737725509572
1217,22.3370505782147
1218,24.2326558242392
1219,54.2095925746572
1220,73.8478456664133
1221,37.434006069183
1222,27.9039247726506
1223,23.4953949150633
1224,26.9180934857671
1225,104.049788757528
1226,42.7013319986961
1227,37.9385564423663
1228,39.9487718700534
1229,27.2220387480063
1230,28.7369558070234
1231,32.1474341179323
1232,25.1547627359754
1233,25.7731609773873
1234,23.9059636809059
1235,22.3834732815088
1236,82.2964150179459
1237,15.2609821645126
1238,20.5617524811004
1239,20.8729682687379
1240,20.8471110734868
1241,12.915426711282
1242,11.4765472702805
1243,11.8125500393853
1244,12.3747745169295
1245,19.4698402895208
1246,8.19623710805633
1247,6.40244311065275
1248,9.77970332910673
1249,13.0317505936349
1250,7.32562487767765
1251,5.85523132831414
1252,4.07191180422828
1253,3.17487844140623
1254,3.65718700114532
1255,4.44119198849105
1256,4.99130327330092
1257,14.1186126548099
1258,10.1321210526355
1259,11.2632293541019
1260,13.0682920510058
1261,9.38286565509967
1262,9.87722820369546
1263,9.15983420792715
1264,54.3602486267873
1265,43.0171864182714
1266,59.1954217662073
1267,51.3499390362783
1268,104.477191372273
1269,47.6586273686269
1270,47.7310611157006
1271,39.146135325855
1272,34.7178357058517
1273,26.5552446796158
1274,28.8411743410499
1275,58.8160551160446
1276,31.9904743639113
1277,16.524089700836
1278,17.4877759703851
1279,24.7049484060881
1280,18.8079857539344
1281,21.5023547515809
1282,66.2492498994441
1283,29.7672216632982
1284,21.2211480616238
1285,22.2322536717715
1286,21.2974166786056
1287,17.964882493158
1288,24.801617582961
1289,21.1495199022904
1290,22.9827804816794
1291,18.0516159627656
1292,15.0465378223259
1293,6.67802039936864
1294,6.16212441428085
1295,9.55612732008408
1296,63.6620232168804
1297,73.1855118485155
1298,26.9167673139527
1299,27.28976312135
1300,11.6632019197356
1301,21.2657763074557
1302,21.2847153884141
1303,52.3733866187332
1304,25.2424553832431
1305,42.0057528903166
1306,29.7819026351132
1307,24.8522385070411
1308,33.0901275333644
1309,19.4002078157607
1310,19.4710596836693
1311,17.9681930890882
1312,19.6707030873204
1313,31.1902555957894
1314,62.5753938417622
1315,44.4988850372912
1316,62.5849784819922
1317,144.20924974485
1318,79.7688900855282
1319,81.0363196712506
1320,52.1133771644981
1321,42.1190055059487
1322,51.5566015482299
1323,42.7417910745874
1324,41.6768019940348
1325,32.4348072875453
1326,29.7337109856181
1327,28.9271594152564
1328,2.49839756588366
1329,8.48388180766054
1330,16.5942338819141
1331,11.4331140809202
1332,9.60126891212311
1333,16.4118986404677
1334,17.1475894303072
1335,7.8398518699964
1336,8.80404286999799
1337,13.4489241566328
1338,30.6588225085107
1339,29.3668671287302
1340,29.4289631399396
1341,56.1907498503985
1342,38.3000364706117
1343,29.2203781225112
1344,28.3742292999016
1345,29.4771308500815
1346,51.2400836749542
1347,26.7159993823165
1348,30.0183541776177
1349,22.561352208438
1350,70.8786235580916
1351,26.4284959444287
1352,21.0069307508465
1353,16.9652672844555
1354,6.48489431058506
1355,3.01036535241382
1356,4.00438995324725
1357,347.739381856937
1358,114.390719728425
1359,52.0040166510331
1360,48.8124248121919
1361,99.1301727890572
1362,70.0183500394257
1363,70.9348059664323
1364,20.1903854123624
1365,14.5974689177201
1366,13.4932521711072
1367,14.2800670186657
1368,13.2940774141023
1369,18.2825644753366
1370,21.1377764686365
1371,16.9888591180615
1372,18.0963006354151
1373,16.9481822434461
1374,12.8060693620728
1375,9.77394677876425
1376,10.9849862020748
1377,1.83415586244802
1378,1.1120969767378
1379,1.38902798035084
1380,2.06008796847167
1381,2.10379634785006
1382,2.80392750382548
1383,10.4215656424835
1384,10.5525482875349
1385,6.90823737969529
1386,6.27726295237822
1387,7.91037990394203
1388,19.5946053556976
1389,18.061403280202
1390,12.9853884598594
1391,10.3659402825971
1392,14.6218568941643
1393,7.02800939060644
1394,21.2942931031375
1395,24.3700961651278
1396,21.9245747702031
1397,33.8438642560699
1398,3.99657408184231
1399,2.2840103044336
1400,2.32746395614148
1401,1.97358210142119
1402,0.722375550889928
1403,0.792945595064178
1404,1.11385536146172
1405,10.902536657001
1406,7.35631150346947
1407,6.14075088650675
1408,11.7063653176841
1409,13.3373775066057
1410,13.9645972958101
1411,57.2444588571354
1412,56.8063269019805
1413,32.1925396156061
1414,32.9011818775234
1415,68.9261874943225
1416,25.1180445632936
1417,24.5475703755475
1418,26.6877543411515
1419,21.5287566495697
1420,18.7310501695532
1421,20.6524096628593
1422,12.021095156809
1423,14.7010343273526
1424,23.6572276566488
1425,9.63013054789069
1426,6.1259082837579
1427,10.2468290706337
1428,25.2008122101277
1429,17.3107198557696
1430,8.92773739386772
1431,24.7760296627553
1432,52.799022601175
1433,42.8958295241688
1434,38.2982438597244
1435,83.8083305734182
1436,8.25585057957469
1437,4.95759321203817
1438,4.88743421500638
1439,4.30236784319054
1440,6.26860310489735
1441,7.53854861383283
1442,6.19433690518537
1443,5.3869545433985
1444,2.33021927669352
1445,1.33754328178669
1446,1.17195691566045
1447,1.2914344103173
1448,0.776590819852157
1449,0.846565609084056
1450,2.19338922695378
1451,2.09556963446206
1452,4.44010962875993
1453,6.34339782730438
1454,4.98710938156551
1455,5.7270693734026
1456,6.54753262189106
1457,16.9982424937807
1458,7.58505116732016
1459,10.0609442067352
1460,13.2847255144749
1461,18.4973798867693
1462,16.6954216089692
1463,12.6809623397949
1464,30.6973754652494
1465,36.2529423672086
1466,50.2836833175002
1467,35.4121788511361
1468,21.602381798714
1469,23.571672035971
1470,23.6093632944384
1471,24.1604784557087
1472,24.6982429212965
1473,18.4009319868286
1474,25.1172043912958
1475,24.0728632449547
1476,21.9000183649853
1477,21.8214203280654
1478,40.8206730445761
1479,27.0179241339519
1480,29.3675848272547
1481,175.773487641336
1482,91.3470450410521
1483,84.3244691741825
1484,59.6704755059859
1485,44.9136055770369
1486,43.5220447390976
1487,31.9490799314122
1488,65.9953104158806
1489,46.8345763394921
1490,22.2178555980794
1491,55.573047334303
1492,36.6558292522412
1493,19.6901161234238
1494,10.9402715241642
1495,6.41879714259098
1496,6.33770640192153
1497,12.4259374062857
1498,10.3446930531332
1499,11.3793018222834
1500,6.82198533749161
1501,11.2125425209508
1502,9.33736269233666
1503,64.4399294391222
1504,150.075678206287
1505,79.4733170655477
1506,22.8702473177069
1507,31.2289431413999
1508,33.8695842915816
1509,30.5997485640834
1510,30.1517751389892
1511,45.6052787735438
1512,31.8917564513372
1513,33.3462207421964
1514,43.7545093800331
1515,156.355754822184
1516,126.314453142735
1517,70.5173998499765
1518,50.4638794700206
1519,32.3198451001013
1520,29.1609727856465
1521,84.753601595111
1522,40.9687058032323
1523,22.1337753883948
1524,28.9479384009091
1525,75.3405034579743
1526,70.8629925267792
1527,34.989449738662
1528,29.7103099076614
1529,20.5485188961961
1530,14.8935609299614
1531,22.4802752327819
1532,6.74943527338012
1533,6.26317325447932
1534,5.65142358185736
1535,8.63909712771385
1536,10.124564619404
1537,12.1630032746326
1538,11.88862408072
1539,12.1624919488815
1540,7.43500162474454
1541,6.27544692441933
1542,11.6996953732994
1543,8.14537898854307
1544,14.55412201005
1545,14.8958488099738
1546,48.2095992387892
1547,70.849529711496
1548,32.522776823473
1549,35.3347777856598
1550,34.3617246901922
1551,14.7290652970194
1552,15.9089869051623
1553,26.8248864514587
1554,23.6401274196342
1555,17.720987099892
1556,15.4818170278684
1557,20.8022620130198
1558,26.8266890615262
1559,17.9791271088187
1560,17.9797394313456
1561,8.91039852930394
1562,4.55117822238948
1563,6.00253340893713
1564,1.80838218091392
1565,1.93836374821076
1566,2.21023104580878
1567,0.57171843159673
1568,0.500060204556534
1569,0.427135409847961
1570,0.939943424164281
1571,0.846892998950867
1572,0.927924183565687
1573,1.11576229528166
1574,1.29977325011362
1575,0.811466264877528
1576,0.647109240237423
1577,1.09420968296702
1578,2.22281462424513
1579,2.98142575471892
1580,1.98207173318298
1581,2.36006937739917
1582,5.42454440430906
1583,18.2321035898678
1584,10.5017188354862
1585,13.109054371817
1586,15.2181000855595
1587,20.407979780022
1588,38.2979894307305
1589,35.2738459845421
1590,32.931011221157
1591,32.3130971553564
1592,30.2574112661155
1593,67.3597901278215
1594,35.5314873712179
1595,33.1538419032705
1596,75.274418204856
1597,44.0648309327947
1598,87.3073806876602
1599,78.777322220489
1600,35.2574497050843
1601,25.5900993334425
1602,13.2203511163355
1603,349.520345599697
1604,64.1757288400588
1605,60.6899057628583
1606,24.7490855891348
1607,53.5026774271648
1608,17.7407016108742
1609,19.886417929178
1610,19.0919564519775
1611,17.7121868120269
1612,16.6353957334232
1613,58.1814724536434
1614,36.0931879262375
1615,28.5269636947668
1616,25.5132911824881
1617,36.5326194924306
1618,33.1981842051366
1619,24.9197359761486
1620,95.3202247609127
1621,36.8693024518938
1622,19.8849912782043
1623,44.6104678816398
1624,35.8884497222219
1625,39.6502003853168
1626,33.8851935710947
1627,33.8733687045673
1628,35.5277263448406
1629,36.3666323941473
1630,32.1012912803617
1631,33.243081935778
1632,33.9366191348806
1633,31.0154382957657
1634,58.9635197207814
1635,25.1114766365986
1636,28.314964917263
1637,27.3513402380269
1638,23.745001056706
1639,81.0050287977847
1640,16.0302699053115
1641,12.9116114123595
1642,13.4652556914167
1643,33.3137238528177
1644,18.0036608059953
1645,70.0093919015194
1646,67.6654041681772
1647,60.8881488543433
1648,34.9590812374397
1649,33.5093483476398
1650,16.8218069063414
1651,83.1942744769404
1652,43.6857402979593
1653,47.7267606502212
1654,35.4338647810143
1655,28.3621301595452
1656,21.1582325130355
1657,24.151414254243
1658,29.2425513079597
1659,23.7403466440402
1660,13.1350865858184
1661,11.8384341798526
1662,49.7519568177933
1663,42.9926960579302
1664,23.0369404588882
1665,14.3751650712637
1666,13.9178107771299
1667,13.0531150018246
1668,11.0542731769879
1669,9.28520678352167
1670,16.2128893948563
1671,14.4325358963579
1672,13.8734949878336
1673,22.6960555898384
1674,10.752959704309
1675,9.67444009843836
1676,6.73031902205152
1677,13.5351076177645
1678,9.78163787774788
1679,9.87814732324117
1680,9.43655751830792
1681,10.7692599142851
1682,6.05392461111473
1683,6.03776798083608
1684,3.11203062506528
1685,3.11520803365209
1686,9.66530117699491
1687,34.4836199616129
1688,31.0469892319534
1689,22.5171175521969
1690,39.7485056829277
1691,34.5431121168253
1692,26.5256056781718
1693,69.3540377729977
1694,79.6847789095391
1695,46.9521437777913
1696,53.239800078199
1697,28.8228446554352
1698,20.7420299695343
1699,15.4790648683128
1700,7.44078159849468
1701,8.68035138536198
1702,20.2751448616409
1703,24.6842551657576
1704,27.1543544454785
1705,46.676343724664
1706,94.9073276051397
1707,28.2117605684057
1708,15.6365032517859
1709,14.5960248562006
1710,16.0904029203115
1711,15.9036454339973
1712,40.9328776640851
1713,37.4289127571311
1714,45.0816515201378
1715,45.4479779268521
1716,52.7139937771745
1717,49.1480233577055
1718,32.0777736759762
1719,18.2070834236401
1720,16.8362604655268
1721,16.1112346390021
1722,17.9391125279713
1723,53.1786770696245
1724,27.7719018237581
1725,55.6690606656925
1726,72.6912909137211
1727,52.2994632580162
1728,41.8839943366257
1729,43.7826282122882
1730,59.187358935467
1731,377.376455779187
1732,22.9793399923986
1733,21.5855483237549
1734,14.3258128204826
1735,8.97322723746013
1736,11.0405309454699
1737,5.44265378846693
1738,3.36374332240804
1739,16.9141059854449
1740,13.6878630709834
1741,11.9141730098874
1742,8.97601607615169
1743,9.19747358265673
1744,55.2578418652708
1745,12.8360831385099
1746,33.8094788167282
1747,26.2540807330094
1748,12.41359245638
1749,12.2096109376297
1750,12.6616748455147
1751,13.6522983627312
1752,97.1191487780237
1753,77.188518953857
1754,25.2277997748045
1755,24.6603667647598
1756,83.1297408407101
1757,25.9073280706073
1758,32.4481419685222
1759,58.1617215438339
1760,50.0348366309916
1761,70.44742350762
1762,48.0995143547203
1763,36.8793582108368
1764,32.8998148968441
1765,49.158437748456
1766,18.7128357422056
1767,11.5840285815681
1768,9.18893915771937
1769,7.5854366369299
1770,11.1558741530643
1771,48.7242973326307
1772,11.3441706577551
1773,12.9908521159661
1774,10.3591209311612
1775,7.60530021301549
1776,2.32531399222444
1777,2.98082256256213
1778,7.60312590177095
1779,7.28739825759759
1780,4.20170076322333
1781,3.19176782019629
1782,4.90120751638612
1783,4.61555976199026
1784,11.6109384822366
1785,5.22330110250685
1786,7.38036829955855
1787,6.94010353923849
1788,9.29009049849324
1789,6.72135714298212
1790,6.2425906227514
1791,7.1169742148516
1792,13.2893639364537
1793,12.3902128906843
1794,24.9022505722166
1795,11.8188333379933
1796,11.5146787455644
1797,18.6872716377813
1798,207.582776842563
1799,257.017375689452
1800,91.443982094371
1801,91.9352200395422
1802,56.3442947574037
1803,41.4112741114937
1804,37.2529312669669
1805,3.81499909584497
1806,3.25032537424032
1807,3.27034460862916
1808,2.1819185306494
1809,5.61630788491233
1810,4.92737351290053
1811,3.31354854226437
1812,5.57872496385241
1813,20.8288525755397
1814,10.407074574078
1815,11.8246365321234
1816,11.246994293716
1817,35.7959683287529
1818,53.2310805927901
1819,31.8577828159349
1820,28.3854596591369
1821,29.5143742740524
1822,31.3008149722131
1823,28.2217919478288
1824,40.8045962748426
1825,32.1503326093396
1826,27.8554573611729
1827,58.1710673357607
1828,17.2046479505816
1829,20.8246087724081
1830,24.617333715296
1831,12.6651130210394
1832,24.2091855734454
1833,18.6385358380931
1834,5.1271233624444
1835,10.1074251744418
1836,7.70890810069617
1837,26.9680285150266
1838,8.34826768239532
1839,1.25039524285124
1840,2.28162537248293
1841,3.64876995644698
1842,3.3844308832106
1843,27.2740173008691
1844,7.62245051986674
1845,13.4744403986553
1846,10.3179278083977
1847,9.85683217569485
1848,7.02625062791188
1849,7.1420200865443
1850,15.4222168148272
1851,13.0848369840216
1852,9.19778065556661
1853,8.51289985980326
1854,9.78511292331872
1855,7.21689926886402
1856,10.8348405420264
1857,10.0385276718981
1858,10.5338244536893
1859,71.4050688629882
1860,51.0076761703155
1861,7.52848979514602
1862,8.07428611961875
1863,3.79375331746818
1864,4.64872649641449
1865,4.6810073419823
1866,6.877267159116
1867,4.33879509271168
1868,4.64231436673242
1869,5.0816678384343
1870,28.024292911713
1871,24.957361871745
1872,30.1119698554501
1873,20.2682623120546
1874,20.4221476632572
1875,23.6540666806066
1876,53.6761405633482
1877,25.8427749698465
1878,35.2864365497365
1879,34.7559216011251
1880,11.946203827527
1881,10.196912739622
1882,11.901870316591
1883,21.8840341907288
1884,25.2150992499677
1885,29.5825328193429
1886,22.8919882134297
1887,37.9699312380434
1888,15.5922724837625
1889,10.7979691903012
1890,7.60785912101279
1891,6.41909112163046
1892,11.1736129442579
1893,7.81832447944224
1894,9.18222402484856
1895,6.52088606403142
1896,6.25511834385462
1897,7.50866316119229
1898,6.07100360670309
1899,6.53256175167916
1900,9.04452394930013
1901,10.2395701095484
1902,7.28022571947569
1903,5.32581608102282
1904,5.00747554704558
1905,3.89681520343905
1906,7.45837201012247
1907,215.283992065257
1908,137.728769624122
1909,82.2931112193759
1910,44.3437477465585
1911,27.8490426942552
1912,48.153629996529
1913,40.7462326097803
1914,22.5405081961484
1915,56.1551526015256
1916,25.60563647922
1917,13.5660385205896
1918,14.2323737432591
1919,8.40718931644712
1920,7.89061844988904
1921,7.00869758373845
1922,67.8917556898572
1923,82.1770955215087
1924,46.0381275027021
1925,32.6833288608443
1926,24.5973602079345
1927,29.7477670992379
1928,27.3278004754102
1929,14.2312819605955
1930,13.6642963660404
1931,19.6762304364557
1932,16.7377428101018
1933,34.3795882421634
1934,1.01241926529293
1935,0.680555683650098
1936,0.968042883977995
1937,1.62826841535044
1938,15.487436906943
1939,13.6927987040163
1940,9.28857482683152
1941,9.25290358870276
1942,8.50515952322772
1943,70.9045160389089
1944,61.0316609178799
1945,21.3058214561544
1946,21.2256529914515
1947,24.7739714429926
1948,18.0867660083982
1949,16.2403812949365
1950,15.8019214422336
1951,16.0503208872626
1952,13.0460352898495
1953,25.4814010374449
1954,21.1779476155229
1955,9.42947297320799
1956,29.3701370449589
1957,29.4984620062693
1958,12.5577863877053
1959,13.6634941378992
1960,24.9900335451046
1961,20.4585761701904
1962,7.50389950246743
1963,7.75020219905956
1964,8.2084449349085
1965,32809.7441296649
1966,0.00567544758149982
1967,0.0123386493694476
1968,0.0151757794966431
1969,0.050277896336873
1970,1.67602853431225
1971,5.80838425836612
1972,15.1589266396499
1973,12.3927188772664
1974,24.898106205163
1975,19.1345815654769
1976,7.46301048135526
1977,14.7618333945883
1978,26.0620354359382
1979,25.3609500304677
1980,24.7049899054119
1981,11.6946579243375
1982,8.81816994672046
1983,8.08614721764502
1984,10.8312057800347
1985,14.1672561133326
1986,13.4851817529609
1987,19.293320285005
1988,8.83029606353153
1989,5.67746187639327
1990,7.99238184440748
1991,9.49249507473142
1992,12.2608707365544
1993,18.1446189136269
1994,10.9895658770928
1995,12.320643068415
1996,19.8064675531967
1997,15.2149182446143
1998,14.8728979504734
1999,15.1598075506495
2000,18.5146824485461
2001,19.8308659309232
2002,109.447580432561
2003,57.5262094206911
2004,70.205454877858
2005,42.0682576678843
2006,25.9978923675221
2007,25.8457978297167
2008,36.2478659875165
2009,25.4257799566299
2010,23.9008678868105
2011,13.5391943377839
2012,15.9077814392276
2013,38.8493106254045
2014,22.343741444126
2015,18.638064229149
2016,15.5055952881248
2017,12.0957152096278
2018,33.7403867994069
2019,39.5951943180028
2020,162.223811697463
2021,18.1885288415048
2022,20.5057430159111
2023,18.9866391339845
2024,18.3217825600307
2025,22.1448749511517
2026,17.5054508506989
2027,4.50734456870387
2028,43.7234233975149
2029,20.6835707451469
2030,20.4475225760317
2031,10.8918400117553
2032,9.73331221533632
2033,15.9238350568115
2034,45.5392695973267
2035,19.6182563228776
2036,81.7522853729754
2037,46.8297147594065
2038,70.8502690114038
2039,43.6862158541475
2040,38.0733892961243
2041,40.890232946338
2042,133.574581831472
2043,84.4251606250497
2044,18.90274181172
2045,13.2676098880671
2046,18.1971964478207
2047,209.516884719846
2048,166.570652589531
2049,66.1849247501249
2050,51.7265462831372
2051,99.378620024859
2052,81.5451242633463
2053,85.2541509146376
2054,40.6925090278654
2055,41.8755315810062
2056,28.0721053988781
2057,26.7706288116829
2058,26.0636076552956
2059,29.6979969146593
2060,28.3413761488041
2061,40.3315585832869
2062,36.3828343003512
2063,29.270355238261
2064,35.1078781406221
2065,11.7238183467012
2066,10.1041474565393
2067,9.47155411208005
2068,7.66516235239544
2069,7.68318788963945
2070,8.38918288133216
2071,10.1377066393894
2072,16.6260822502567
2073,13.0347790136603
2074,26.3689141795887
2075,21.7756171280613
2076,72.1434295802236
2077,56.7482263965094
2078,53.9506979974867
2079,105.544476524128
2080,56.0137042507665
2081,39.6783607142718
2082,43.1906880672025
2083,29.8732083845469
2084,24.1218378951034
2085,10.9537625670712
2086,14.2566027331313
2087,10.8208617347274
2088,7.2644808498944
2089,12.0285823931441
2090,23.128502567947
2091,26.9452338632505
2092,23.1546419317951
2093,24.4808416209483
2094,24.6849302215768
2095,22.2433715494732
2096,19.7115107588375
2097,21.1062085784212
2098,12.5077452474709
2099,11.3393223704915
2100,9.78520718674029
2101,10.9426814388472
2102,4.25181501384735
2103,2.65415432751571
2104,5.2568912393759
2105,8.07859213411218
2106,9.5343549288794
2107,4.43556829781719
2108,3.48709390760439
2109,1.7165036281907
2110,2.09824746890455
2111,2.60748240626677
2112,4.02961398183482
2113,3.80378852112869
2114,9.45551032701918
2115,11.9348339830675
2116,12.252995033062
2117,7.59712449680504
2118,7.10805176086955
2119,10.7510101305605
2120,8.98454722461756
2121,7.2589736707946
2122,6.35374264192331
2123,13.1848979749419
2124,9.96234985596119
2125,11.0792565868701
2126,10.055778383713
2127,25.1129277851149
2128,21.8670390606589
2129,13.911602407524
2130,8.78604103737645
2131,4.89622382985603
2132,2.91703391355682
2133,8.41648122199788
2134,4.21398687802139
2135,2.21981914693436
2136,8.95361150257343
2137,10.1800391903968
2138,30.6799209089094
2139,41.8801633260663
2140,46.7183650355431
2141,45.3320040884894
2142,45.5653580209054
2143,13.9465448255081
2144,19.8599659288331
2145,15.9667735187603
2146,9.25385909840623
2147,14.4738760767671
2148,6.93091448296209
2149,7.63324025293645
2150,10.8710632380581
2151,10.0551403111695
2152,6.98170758325032
2153,5.51680926669475
2154,4.35532850352967
2155,4.51320234136988
2156,6.44308052861693
2157,5.82374665590797
2158,5.83034558255271
2159,4.46226289162634
2160,11.3765494640635
2161,4.55245444529539
2162,4.60647606914439
2163,6.91927725982999
2164,4.8627248868834
2165,10.2014636257528
2166,10.1654718354683
2167,10.1809310746028
2168,9.80365089241928
2169,13.2893404063062
2170,10.1617748846336
2171,9.55181101310086
2172,10.1633012519539
2173,11.492692530126
2174,9.31780761036251
2175,8.46789996593109
2176,6.20839035464151
2177,4.99073012529163
2178,5.56260020924876
2179,29.7845065667612
2180,18.0002069975431
2181,14.9454124374582
2182,24.9040786799093
2183,50.6846575520827
2184,32.0722278028916
2185,44.8026172816135
2186,24.2771543197574
2187,6.54797232402814
2188,1.79810861071118
2189,1.68869644444059
2190,1.54419677161744
2191,1.92299594235935
2192,2.51126486059517
2193,2.62972483487536
2194,4.38012599270096
2195,5.55818864608969
2196,5.89393756177048
2197,5.58887636837038
2198,9.42537120313894
2199,9.5109469080847
2200,8.16645268971058
2201,8.55250526144501
2202,25.5036716172435
2203,13.1825524858558
2204,17.8884216708974
2205,30.3552826439222
2206,27.214062516181
2207,19.5279121683091
2208,25.2197758534389
2209,15.5361871891732
2210,14.4959958549028
2211,424.997595886734
2212,102.797199041609
2213,337.443723454956
2214,104.289222624308
2215,93.6785715664889
2216,264.000927058033
2217,154.578136810532
2218,105.235560686252
2219,73.2272538805147
2220,29.7398987954464
2221,27.8218179070909
2222,15.7638154561321
2223,14.3095133941176
2224,17.2065190278513
2225,14.8996485889603
2226,20.6118394060546
2227,5437.38276591581
2228,8.35109824807357
2229,34.2241879089015
2230,78.3852586879408
2231,64.2114437208139
2232,20.3465294298882
2233,22.0786607279028
2234,19.7830940360671
2235,21.0784775111844
2236,23.7206859822808
2237,18.7059712796255
2238,20.0265018718044
2239,47.2931505179388
2240,88.361526571119
2241,99.1307198843592
2242,70.3975501034036
2243,62.1221927075509
2244,41.2675572262366
2245,19.6895382081101
2246,9.54598475899313
2247,10.3111382688375
2248,16.8353654390679
2249,16.6468216931003
2250,17.7757832945866
2251,22.1658520434931
2252,16.4139062334178
2253,3.66150833548671
2254,5.46658599877193
2255,6.61804290219003
2256,9.41956981191074
2257,13.6745466659079
2258,7.85923664497649
2259,5.55252951890194
2260,11.9751540417805
2261,9.23986778814824
2262,8.19739625886425
2263,7.07584235687349
2264,6.47358712295957
2265,7.8471346900312
2266,42.6701875304613
2267,19.3119734638499
2268,13.1993124000252
2269,9.20878011624664
2270,10.5402793698344
2271,13.5117903862073
2272,9.88520650594926
2273,13.8123466296932
2274,17.4203392540395
2275,3.3967038662897
2276,3.41633874364549
2277,38.6617301545734
2278,27.2096716061126
2279,25.1571546328467
2280,18.6240553137506
2281,25.4518329287214
2282,29.6275211614387
2283,21.6598878257674
2284,22.3031488195069
2285,4.05379965200257
2286,3.96123835240326
2287,2.68532366001414
2288,1.66917433361275
2289,1.65185572606694
2290,3.38580336359841
2291,3.21626214873632
2292,2.74888876776306
2293,3.048882893923
2294,9.22149272900155
2295,9.81599437229293
2296,3.8587882389431
2297,4.15034448911231
2298,3.82524419915348
2299,6.21362693760034
2300,8.35714703940088
2301,11.619353958567
2302,14.0109778737255
2303,12.0075581954952
2304,12.4884366938652
2305,72.6312547465519
2306,114.576939457643
2307,217.287909358398
2308,120.757979746095
2309,346.434537520151
2310,52.4280280833041
2311,49.8632076673782
2312,77.5232866861638
2313,39.9232690477389
2314,54.6321400537696
2315,76.7496232625718
2316,54.677145476298
2317,48.5949668099225
2318,31.8030245813556
2319,18.9202610012853
2320,20.5965937842409
2321,15.4111579772019
2322,14.7127129565334
2323,87.3592419454748
2324,8.85389010697577
2325,10.0925769786891
2326,11.7157093477358
2327,13.0205721310391
2328,43.4903413910468
2329,41.8946994295145
2330,196.735434035475
2331,145.044251995847
2332,86.5388197047173
2333,55.3572837902231
2334,49.8204980708074
2335,16.0839845375545
2336,11.9673705005701
2337,10.2131079766529
2338,14.2910217036788
2339,9.22900238721554
2340,40.0410081173162
2341,30.5761232524014
2342,25.8250697523813
2343,45.3187337543447
2344,33.2775681881167
2345,12.7119369492364
2346,21.0163577355084
2347,15.5955297012637
2348,15.8407337514219
2349,17.4514610147283
2350,22.9198618431635
2351,28.8063320965727
2352,18.1509428929834
2353,18.9902615317619
2354,19.3959204854503
2355,17.6419351825334
2356,49.2261872695354
2357,25.9123024182049
2358,27.528298889443
2359,71.1695292125889
2360,34.6604761381884
2361,30.1713347101197
2362,27.2772508961108
2363,24.1887860348369
2364,17.3769727968918
2365,39.7075900894651
2366,15.0624977749708
2367,17.2468683020676
2368,12.7428563614547
2369,9.11218650471528
2370,9.70466864810365
2371,20.0030314006192
2372,23.3685093855756
2373,21.7921789663999
2374,13.3712208576931
2375,112.82555943771
2376,31.3442294217371
2377,23.0000503850847
2378,11.202957633541
2379,10.5509976921839
2380,11.7133364717206
2381,13.9007453531195
2382,16.6781641330427
2383,12.3932704110611
2384,12.4802927910018
2385,13.9172491706628
2386,9.70055653768266
2387,11.9775867290054
2388,5.48044286804204
2389,3.16700730784803
2390,20.2448140616059
2391,6.08711138635536
2392,19.49578406695
2393,24.267511167938
2394,17.9322385037588
2395,25.3288460698519
2396,17.1054561364933
2397,16.4827747598079
2398,20.9168587782791
2399,23.2473256888041
2400,28.4242959623055
2401,62.78575192757
2402,29.0429788978272
2403,25.6218399835288
2404,43.5795070394162
2405,45.1192651854826
2406,33.1202976818475
2407,14.5040634421125
2408,11.043487972089
2409,27.3848533157012
2410,16.2504572972639
2411,67.7133053247721
2412,44.9413080607768
2413,23.9581455970673
2414,16.5932660458591
2415,15.3474965003863
2416,18.1358823685335
2417,20.4557505997069
2418,39.876943475061
2419,36.3662491432912
2420,30.1944848974878
2421,21.2971407220968
2422,64.9247693985856
2423,48.2116750210018
2424,32.8306886380136
2425,22.7407096223946
2426,30.7862098721826
2427,38.4634463399666
2428,36.2968481282242
2429,21.284992545271
2430,25.4857395735969
2431,25.3741409484426
2432,18.8865683202186
2433,18.1896681695188
2434,12.4531818084923
2435,30.6340857651252
2436,47.633629690481
2437,58.1850499245612
2438,37.3812596340606
2439,53.6126258886168
2440,49.9058750533993
2441,62.5618472970582
2442,177.545358703165
2443,84.1591408819433
2444,56.2739455423512
2445,47.1853133345441
2446,25.0349058241227
2447,23.5944234962717
2448,3.2314379989926
2449,3.97908290976907
2450,79.931622906105
2451,42.7308330337578
2452,40.6239090231072
2453,36.2758718668988
2454,31.1757505675657
2455,30.5052170319437
2456,19.7500049298399
2457,22.0293793331449
2458,34.3528118114407
2459,22.5951717160684
2460,31.0224385747701
2461,23.132823655461
2462,23.4089964804467
2463,20.4525019786945
2464,113.794126142053
2465,69.7914128184665
2466,52.9609208802489
2467,6.49901074813489
2468,7.77623341834475
2469,9.05295798417849
2470,10.3014874466667
2471,34.7736367247747
2472,75.2127437549304
2473,43.5516585207734
2474,40.1836694297307
2475,43.5246163567588
2476,26.0387635443199
2477,46.5785658393784
2478,22.0985006970247
2479,20.7633250509733
2480,18.4067879152126
2481,325.07060617378
2482,30.0503874236696
2483,32.1586396948675
2484,49.196149226723
2485,40.5525369889202
2486,29.8019071607445
2487,23.7298053430005
2488,15.6822541016333
2489,11.1555631506142
2490,20.7523724334966
2491,73.4023717484692
2492,59.436300686665
2493,96.3216322072447
2494,187.472716179847
2495,84.6929460310874
2496,88.2564099579993
2497,61.4916891978168
2498,190.45172075565
2499,114.705264961329
2500,43.312915290693
